0.1088
0.2875
0.3808
0.3408
0.0392
0.0209
0.3593
0.1181
0.3278
0.4652
0.3693
0.0357
0.3327
0.4862
0.1729
0.3093
0.0736
0.0427
0.0607
0.1248
0.1931
0.1571
0.1287
0.2420
0.4015
0.2636
0.3676
0.3015
0.2310
0.3903
0.2429
0.0922
0.2125
0.0220
0.2210
0.0464
0.3463
0.4448
0.4521
0.4219
0.0344
0.4488
0.2896
0.2566
0.1344
0.4738
0.0050
0.1272
0.4335
0.1327
0.2435
0.2519
0.4532
0.1897
0.3912
0.0723
0.3326
0.0347
0.4771
0.0247
0.3381
0.1004
0.4486
0.0935
0.1801
0.2857
0.1682
0.0555
0.1827
0.4830
0.2979
0.1632
0.0302
0.0678
0.4918
0.3903
0.4131
0.2772
0.4446
0.4552
0.0178
0.4450
0.1065
0.4362
0.2736
0.2108
0.0244
0.1799
0.0886
0.1105
0.1402
0.4215
0.2350
0.1385
0.2824
0.1322
0.3199
0.4272
0.3289
0.4619
0.2639
0.2586
0.1510
0.0905
0.2205
0.4338
0.1327
0.1178
0.0023
0.4361
0.3145
0.1193
0.3640
0.2606
0.1130
0.4025
0.0968
0.0239
0.2114
0.1064
0.3105
0.4937
0.2951
0.0257
0.0721
0.1029
0.1119
0.0314
0.3874
0.0418
0.3173
0.2576
0.2084
0.4906
0.0012
0.3638
0.3826
0.1422
0.2457
0.0430
0.2565
0.4309
0.4072
0.3900
0.0468
0.0158
0.2427
0.2411
0.4683
0.4250
0.4572
0.4187
0.2639
0.4508
0.0312
0.3182
0.1480
0.3970
0.3595
0.3459
0.0176
0.1047
0.0666
0.1109
0.4940
0.4410
0.0520
0.1850
0.3984
0.0813
0.4207
0.1865
0.4657
0.1150
0.3372
0.3716
0.4743
0.3802
0.1021
0.3890
0.2448
0.4493
0.4089
0.0198
0.2440
0.2958
0.2470
0.1360
0.3804
0.4331
0.4716
0.4184
0.0110
0.2618
0.2075
0.0092
0.4765
0.1880
0.1670
0.1633
0.1601
0.3311
0.3527
0.2346
0.4387
0.1154
0.2008
0.1419
0.0753
0.3698
0.2964
0.3907
0.2448
0.1970
0.2983
0.3115
0.3589
0.3951
0.2219
0.3253
0.2607
0.1652
0.2939
0.0864
0.0624
0.4933
0.1876
0.1094
0.3711
0.0737
0.4794
0.0838
0.1424
0.4785
0.2802
0.3020
0.2925
0.4648
0.2479
0.3895
0.2486
0.3671
0.2812
0.0714
0.1321
0.2283
0.3143
0.0268
0.3255
0.2583
0.0543
0.1361
0.2465
0.3788
0.3438
0.3471
0.3939
0.2853
0.0998
0.1235
0.1231
0.4104
0.1506
0.0855
0.0438
0.1960
0.4131
0.1006
0.4523
0.4207
0.2330
0.3459
0.4317
0.0758
0.2127
0.3861
0.2297
0.0423
0.2422
0.0078
0.2428
0.0883
0.4224
0.4825
0.2785
0.0813
0.1905
0.3304
0.1893
0.3698
0.2284
0.1909
0.0679
0.2707
0.3624
0.0899
0.0705
0.2175
0.2488
0.3721
0.2192
0.0484
0.1115
0.3768
0.1752
0.0291
0.3902
0.3479
0.1621
0.4156
0.1897
0.3705
0.4906
0.4433
0.4323
0.2919
0.4046
0.4662
0.3310
0.1202
0.0933
0.2339
0.2029
0.0846
0.4324
0.2724
0.2744
0.2925
0.3181
0.1317
0.0493
0.1147
0.3438
0.3277
0.3731
0.2177
0.3013
0.1134
0.1224
0.4556
0.1611
0.4997
0.0585
0.0220
0.2055
0.2290
0.0500
0.4473
0.1430
0.1905
0.2904
0.4413
0.1121
0.2765
0.3786
0.2529
0.4113
0.1914
0.1651
0.4837
0.4041
0.4280
0.3616
0.3534
0.1442
0.2575
0.0194
0.0032
0.2326
0.1129
0.1049
0.2977
0.3244
0.1825
0.0109
0.3776
0.2341
0.2526
0.3922
0.4801
0.0944
0.4543
0.2365
0.1652
0.4487
0.1860
0.3055
0.3586
0.3875
0.2211
0.1641
0.0928
0.4354
0.1363
0.1407
0.4218
0.4693
0.0183
0.4004
0.2825
0.3375
0.0661
0.2852
0.0380
0.4257
0.1318
0.0050
0.1020
0.2322
0.2409
0.0427
0.2719
0.4255
0.1332
0.0938
0.1574
0.4774
0.3113
0.3966
0.3057
0.4491
0.4731
0.0848
0.3612
0.2618
0.3150
0.4603
0.1139
0.4979
0.2170
0.4031
0.1096
0.2417
0.0773
0.2259
0.4168
0.2110
0.0107
0.0521
0.4474
0.1212
0.4907
0.1384
0.1662
0.2621
0.1815
0.1908
0.3334
0.3670
0.1548
0.2775
0.2567
0.1396
0.4667
0.1958
0.3299
0.2099
0.1608
0.3154
0.1464
0.4719
0.4423
0.2077
0.0791
0.4908
0.4161
0.4437
0.0302
0.2600
0.3714
0.1605
0.0727
0.0162
0.2990
0.2867
0.0206
0.4971
0.0784
0.4566
0.2606
0.1374
0.1132
0.3993
0.4174
0.1520
0.2899
0.1779
0.0783
0.1603
0.1374
0.2503
0.3021
0.0462
0.2193
0.4219
0.1140
0.0229
0.1893
0.2877
0.2662
0.2005
0.4082
0.0075
0.3350
0.2676
0.2900
0.3155
0.1631
0.3934
0.1372
0.3054
0.4053
0.4616
0.2203
0.0850
0.0179
0.0452
0.1368
0.0712
0.0734
0.0405
0.4012
0.3856
0.1877
0.4162
0.3043
0.0532
0.0049
0.1696
0.4568
0.2175
0.1507
0.2390
0.3728
0.4003
0.3226
0.1004
0.1305
0.4873
0.0949
0.3725
0.1282
0.1524
0.0162
0.3627
0.1565
0.2566
0.0218
0.3991
0.4805
0.3213
0.3490
0.0399
0.3210
0.3923
0.3582
0.4368
0.0726
0.3709
0.3583
0.3257
0.1742
0.0005
0.1479
0.0610
0.3458
0.0722
0.4858
0.4766
0.2215
0.3024
0.0063
0.4535
0.0848
0.1540
0.0802
0.1309
0.2637
0.3158
0.2351
0.1736
0.0201
0.2804
0.3680
0.2069
0.2944
0.3116
0.1939
0.4658
0.0263
0.4070
0.1143
0.2149
0.0962
0.1254
0.0627
0.0475
0.1082
0.3335
0.0420
0.1561
0.2161
0.3742
0.3107
0.2839
0.1726
0.3467
0.1233
0.0767
0.1001
0.3916
0.2619
0.1253
0.4346
0.3771
0.2869
0.1954
0.1307
0.0644
0.0608
0.4831
0.4934
0.3264
0.3069
0.3236
0.3472
0.2224
0.1273
0.3884
0.0944
0.2839
0.0841
0.0896
0.1825
0.4091
0.0204
0.0816
0.4970
0.1663
0.2861
0.2662
0.2035
0.4994
0.2370
0.4683
0.0388
0.4552
0.3102
0.3786
0.1784
0.4549
0.1322
0.1832
0.4406
0.0376
0.0819
0.3139
0.3558
0.0940
0.3227
0.3925
0.0138
0.0994
0.0729
0.4696
0.2398
0.2845
0.0787
0.0922
0.2033
0.2331
0.4791
0.3907
0.3195
0.1821
0.1786
0.4599
0.4355
0.2387
0.2084
0.0777
0.4579
0.1463
0.3611
0.2111
0.1775
0.0190
0.3099
0.2216
0.4172
0.2570
0.2951
0.3761
0.1368
0.2053
0.2393
0.2111
0.2657
0.3798
0.1343
0.2749
0.2189
0.4669
0.1456
0.1530
0.1607
0.3051
0.3646
0.0060
0.3119
0.3966
0.3679
0.1929
0.0982
0.2060
0.1417
0.2343
0.4686
0.1145
0.1788
0.1166
0.0435
0.2588
0.1004
0.1646
0.4660
0.0728
0.2550
0.3820
0.4418
0.2938
0.4730
0.0413
0.1283
0.3738
0.0481
0.0265
0.1246
0.3784
0.3980
0.0529
0.2762
0.4924
0.1894
0.2015
0.1256
0.1407
0.2111
0.0660
0.0776
0.4438
0.3057
0.2762
0.1759
0.3296
0.3977
0.4616
0.0088
0.2840
0.0283
0.0456
0.3821
0.0061
0.4882
0.3547
0.0261
0.0864
0.4943
0.1325
0.3474
0.3063
0.4838
0.2264
0.4071
0.4852
0.3928
0.3746
0.0318
0.1378
0.4677
0.1344
0.3887
0.0572
0.4534
