0.1088
0.2875
0.3808
0.3408
0.0392
0.0209
0.3593
0.1181
0.3278
0.4652
0.3693
0.0357
0.3327
0.4862
0.1729
0.3093
0.0736
0.0427
0.0607
0.1248
0.1931
0.1571
0.1287
0.2420
0.4015
0.2636
0.3676
0.3015
0.2310
0.3903
0.2429
0.0922
0.2125
0.0220
0.2210
0.0464
0.3463
0.4448
0.4521
0.4219
0.0344
0.4488
0.2896
0.2566
0.1344
0.4738
0.0050
0.1272
0.4335
0.1327
0.2435
0.2519
0.4532
0.1897
0.3912
0.0723
0.3326
0.0347
0.4771
0.0247
0.3381
0.1004
0.4486
0.0935
0.1801
0.2857
0.1682
0.0555
0.1827
0.4830
0.2979
0.1632
0.0302
0.0678
0.4918
0.3903
0.4131
0.2772
0.4446
0.4552
0.0178
0.4450
0.1065
0.4362
0.2736
0.2108
0.0244
0.1799
0.0886
0.1105
0.1402
0.4215
0.2350
0.1385
0.2824
0.1322
0.3199
0.4272
0.3289
0.4619
0.2639
0.2586
0.1233
0.0741
0.1138
0.1519
0.1044
0.1178
0.0023
0.4361
0.3145
0.1193
0.3640
0.2606
0.1130
0.4025
0.0968
0.0239
0.1857
0.1063
0.3548
0.4014
0.1039
0.0062
0.0017
0.0001
0.0000
0.0000
0.0000
0.0000
0.0000
0.0001
0.0013
0.0270
0.0003
0.3166
0.3826
0.1422
0.2457
0.0430
0.2565
0.4309
0.4072
0.3900
0.0468
0.0130
0.1322
0.1822
0.2633
0.1533
0.0201
0.0000
0.0000
0.0000
0.0000
0.0000
0.0000
0.0000
0.0000
0.0000
0.0000
0.0000
0.0222
0.2350
0.7104
0.4410
0.0520
0.1850
0.3984
0.0813
0.4207
0.1865
0.3830
0.0530
0.0516
0.0784
0.1051
0.0595
0.0163
0.0005
0.0000
0.0000
0.0000
0.0000
0.0000
0.0000
0.0001
0.0056
0.0060
0.0185
0.0568
0.1621
0.3655
0.2618
0.2075
0.0092
0.4765
0.1880
0.1670
0.1633
0.1440
0.0342
0.0028
0.0525
0.0414
0.0183
0.0067
0.0003
0.0000
0.0000
0.0000
0.0000
0.0000
0.0000
0.0018
0.0063
0.0127
0.0368
0.0963
0.2302
0.3738
0.1652
0.2939
0.0864
0.0624
0.4933
0.1876
0.1094
0.3048
0.1156
0.0481
0.0285
0.0271
0.0154
0.0059
0.0023
0.0018
0.0005
0.0000
0.0000
0.0000
0.0010
0.0073
0.0106
0.0266
0.0437
0.0820
0.1584
0.3536
0.2583
0.0543
0.1361
0.2465
0.3788
0.3438
0.3471
0.2815
0.1276
0.0514
0.0315
0.0260
0.0165
0.0113
0.0036
0.0025
0.0023
0.0000
0.0015
0.0065
0.0110
0.0238
0.0392
0.0618
0.0858
0.1200
0.1702
0.2678
0.0421
0.2422
0.0078
0.2428
0.0883
0.4224
0.3089
0.2617
0.1551
0.0859
0.0583
0.0423
0.0339
0.0178
0.0100
0.0090
0.0049
0.0021
0.0110
0.0407
0.0945
0.1458
0.1818
0.1912
0.1831
0.1837
0.2049
0.2116
0.1087
0.3902
0.3479
0.1621
0.4156
0.5281
0.4607
0.3210
0.1883
0.1285
0.1120
0.1052
0.0868
0.0708
0.0657
0.0586
0.0705
0.1046
0.2722
0.4802
0.5583
0.5751
0.4922
0.3921
0.3113
0.2850
0.2636
0.2396
0.2069
0.3731
0.2177
0.3013
0.1134
0.7583
0.5451
0.3563
0.2914
0.2617
0.2535
0.2401
0.2361
0.2634
0.3307
0.4241
0.5824
0.7768
0.8937
0.9420
0.9186
0.8626
0.7611
0.6011
0.4575
0.3993
0.3802
0.3057
0.3544
0.3616
0.3534
0.1442
0.2575
0.6260
0.5207
0.3958
0.3912
0.3873
0.4248
0.4632
0.5538
0.6808
0.7875
0.8870
0.9605
0.9843
0.9928
0.9900
0.9757
0.9399
0.8661
0.7188
0.5687
0.4887
0.4583
0.4112
0.5239
0.1641
0.0928
0.4354
0.1363
0.2049
0.3951
0.4638
0.4609
0.4969
0.5605
0.6401
0.7638
0.8604
0.9327
0.9754
0.9885
0.9936
0.9956
0.9915
0.9744
0.9377
0.8432
0.6877
0.5733
0.5122
0.4791
0.4454
0.6931
0.3966
0.3057
0.4491
0.4731
0.0848
0.1983
0.4212
0.4707
0.5108
0.5590
0.6595
0.7959
0.9005
0.9535
0.9846
0.9920
0.9930
0.9893
0.9672
0.9117
0.8166
0.6536
0.5307
0.4557
0.4507
0.4674
0.4765
0.4773
0.1908
0.3334
0.3670
0.1548
0.2775
0.0229
0.3872
0.4354
0.4485
0.4710
0.5320
0.6728
0.8044
0.8758
0.9434
0.9607
0.9471
0.8748
0.7430
0.5894
0.4257
0.3216
0.3006
0.2982
0.3347
0.4176
0.4787
0.2990
0.2867
0.0206
0.4971
0.0784
0.4566
0.1744
0.3802
0.3527
0.3332
0.3388
0.3581
0.4059
0.4656
0.5009
0.4706
0.3972
0.2486
0.2207
0.1906
0.1421
0.1210
0.1181
0.1368
0.1553
0.1980
0.3057
0.4150
0.4082
0.0075
0.3350
0.2676
0.2900
0.3155
0.0614
0.3274
0.2743
0.2339
0.2055
0.1847
0.1543
0.1310
0.0798
0.0451
0.0161
0.0079
0.0193
0.0220
0.0274
0.0310
0.0491
0.0620
0.0806
0.1166
0.2235
0.4905
0.4568
0.2175
0.1507
0.2390
0.3728
0.4003
0.2031
0.3012
0.2378
0.1702
0.1146
0.0749
0.0396
0.0196
0.0082
0.0037
0.0000
0.0000
0.0001
0.0046
0.0068
0.0094
0.0194
0.0307
0.0485
0.0791
0.1394
0.3224
0.0726
0.3709
0.3583
0.3257
0.1742
0.0005
0.2893
0.3247
0.2216
0.1370
0.0701
0.0376
0.0166
0.0084
0.0008
0.0000
0.0000
0.0000
0.0000
0.0021
0.0024
0.0060
0.0155
0.0281
0.0437
0.0858
0.1246
0.1093
0.2944
0.3116
0.1939
0.4658
0.0263
0.4070
0.1024
0.2655
0.1716
0.1058
0.0465
0.0262
0.0164
0.0074
0.0000
0.0000
0.0000
0.0000
0.0004
0.0024
0.0029
0.0026
0.0019
0.0136
0.0377
0.1519
0.2451
0.1062
0.4346
0.3771
0.2869
0.1954
0.1307
0.0644
0.0329
0.3849
0.2003
0.0984
0.0292
0.0140
0.0001
0.0000
0.0000
0.0000
0.0000
0.0000
0.0016
0.0040
0.0055
0.0039
0.0000
0.0000
0.0561
0.3080
0.3541
0.2662
0.2035
0.4994
0.2370
0.4683
0.0388
0.4552
0.2706
0.3299
0.3156
0.0620
0.0031
0.0000
0.0000
0.0000
0.0000
0.0000
0.0000
0.0000
0.0027
0.0094
0.0128
0.0125
0.0000
0.0050
0.1793
0.4617
0.1252
0.0922
0.2033
0.2331
0.4791
0.3907
0.3195
0.1821
0.1786
0.4599
0.5605
0.0835
0.0130
0.0001
0.0000
0.0000
0.0000
0.0000
0.0000
0.0000
0.0028
0.0295
0.0451
0.1030
0.0569
0.2861
0.1368
0.2053
0.2393
0.2111
0.2657
0.3798
0.1343
0.2749
0.2189
0.4669
0.1456
0.1530
0.1607
0.3051
0.3528
0.0051
0.1646
0.1280
0.0611
0.0129
0.0077
0.0242
0.0213
0.1312
0.4532
0.2979
0.1788
0.1166
0.0435
0.2588
0.1004
0.1646
0.4660
0.0728
0.2550
0.3820
0.4418
0.2938
0.4730
0.0413
0.1283
0.3738
0.0481
0.0265
0.1246
0.3784
0.3980
0.0529
0.2762
0.4924
0.1894
0.2015
0.1256
0.1407
0.2111
0.0660
0.0776
0.4438
0.3057
0.2762
0.1759
0.3296
0.3977
0.4616
0.0088
0.2840
0.0283
0.0456
0.3821
0.0061
0.4882
0.3547
0.0261
0.0864
0.4943
0.1325
0.3474
0.3063
0.4838
0.2264
0.4071
0.4852
0.3928
0.3746
0.0318
0.1378
0.4677
0.1344
0.3887
0.0572
0.4534
